246
608
752
333
54
286
653
123
103
198
477
764
391
664
449
113
209
43
101
114
287
258
105
344
213
596
278
737
547
707
328
252
701
8
518
141
504
719
124
380
768
354
742
618
229
264
693
487
512
49
787
459
400
370
332
362
717
100
494
208
144
603
21
725
635
497
237
239
773
637
295
446
89
365
292
602
490
785
734
503
476
161
566
11
610
763
746
2
501
205
522
464
579
666
323
197
149
187
322
616
410
709
81
683
631
6
728
312
78
761
710
432
698
607
381
647
584
575
341
431
385
656
82
28
251
462
454
393
621
605
648
718
311
232
723
364
468
748
356
530
212
52
250
688
57
783
360
535
659
104
736
705
135
131
740
762
750
66
343
301
696
319
87
396
34
625
140
553
240
434
170
45
204
202
142
704
398
548
545
129
38
745
478
516
675
214
519
418
448
14
357
586
417
150
58
686
242
440
272
526
429
27
108
353
53
521
591
241
309
203
756
84
12
97
550
390
17
257
533
564
643
657
167
281
30
640
186
488
216
577
508
151
261
644
609
457
483
321
777
361
606
642
182
106
681
268
109
29
627
428
296
595
779
348
445
91
69
70
757
405
747
31
130
347
651
184
730
160
744
593
56
191
668
486
781
703
40
118
373
597
555
551
92
236
134
289
679
377
245
560
780
196
425
316
598
382
534
238
633
620
59
716
158
115
61
350
578
569
694
741
179
189
13
327
206
771
481
452
670
73
617
235
749
102
386
22
655
374
163
639
776
435
554
641
556
514
455
498
502
672
470
96
68
721
260
712
275
594
713
153
395
300
26
315
690
754
759
682
536
133
226
41
363
680
539
676
599
271
424
685
510
549
358
587
401
409
116
673
626
585
689
138
524
529
695
24
60
37
50
345
221
397
255
786
75
411
384
262
285
652
629
426
622
119
337
310
139
77
542
183
507
495
430
366
766
128
634
230
313
460
484
436
623
193
450
407
491
565
112
383
482
164
314
231
33
715
444
210
217
276
654
192
298
324
544
465
480
165
505
615
576
727
336
263
456
528
297
215
147
669
342
349
453
154
485
531
628
156
159
63
318
702
645
32
65
80
371
290
511
767
646
419
291
769
660
706
339
552
559
437
42
166
546
489
9
479
760
64
143
253
200
632
148
207
636
199
461
351
211
496
169
36
658
195
335
259
443
724
557
244
145
367
90
99
228
62
691
132
613
23
469
127
121
684
590
687
427
387
404
589
220
735
499
98
282
699
394
619
592
162
650
438
346
277
326
254
224
283
111
733
447
588
614
48
288
107
175
581
758
388
604
137
270
402
317
540
573
218
541
372
304
729
743
120
325
458
173
44
420
305
389
403
661
722
174
185
678
338
368
463
178
265
274
714
25
379
493
0
95
176
1
738
157
677
19
433
243
181
751
415
331
172
422
306
294
472
39
517
700
782
