0.5000
0.5000
0.7615
0.5000
0.5000
0.7555
0.7510
0.5000
0.5000
0.5000
0.7465
0.7365
0.5000
0.7530
0.5000
0.7535
0.5000
0.5000
0.7500
0.5000
0.7645
0.7535
0.5000
0.7635
0.7585
0.4895
0.7490
0.7560
0.5000
0.7515
0.7630
0.5000
0.7490
0.4998
0.7495
0.7550
0.7530
0.5000
0.5000
0.5000
0.5000
0.7550
0.7500
0.5000
0.5000
0.5000
0.5000
0.7545
0.5000
0.7545
0.5000
0.5000
0.4852
0.7335
0.5000
0.7375
0.7485
0.5000
0.5000
0.7405
0.5000
0.5000
0.7390
0.5000
0.5000
0.5000
0.5000
0.5000
0.5000
0.7440
0.7630
0.5000
0.5000
0.7480
0.5000
0.7425
0.7445
0.5000
0.7630
0.7485
0.7455
0.7490
0.7580
0.5000
0.7560
0.7475
0.5000
0.7425
0.7650
0.5000
0.5000
0.7395
0.7555
0.5000
0.7385
0.5000
0.7635
0.7470
0.5000
0.5000
0.7400
0.7475
0.7530
0.5000
0.7525
0.5000
0.7450
0.4853
0.7435
0.7425
0.5000
0.7555
0.4915
0.7465
0.5000
0.5000
0.5000
0.5000
0.7450
0.5000
0.7490
0.7690
0.5000
0.5000
0.5000
0.7435
0.7385
0.5000
0.7500
0.5000
0.5000
0.7535
0.7580
0.7440
0.5000
0.5000
0.5000
0.7615
0.5000
0.5000
0.7505
0.5000
0.7535
0.5000
0.5000
0.5000
0.7465
0.7625
0.5000
0.7460
0.5000
0.7535
0.7445
0.7460
0.7525
0.7535
0.7535
0.5000
0.7620
0.7570
0.7440
0.4968
0.5000
0.5000
0.5000
0.5000
0.7600
0.7550
0.7540
0.7490
0.7595
0.7470
0.7590
0.7420
0.7440
0.7305
0.7600
0.7545
0.5000
0.5000
0.5000
0.5000
0.7605
0.7400
0.7445
0.7465
0.5000
0.7345
0.7585
0.7395
0.7540
0.7455
0.5000
0.7470
0.7625
0.7505
0.5000
0.5000
0.7515
0.7535
0.7490
0.7535
0.7465
0.5000
0.5000
0.7680
0.5000
0.7510
0.7515
0.7590
0.7525
0.7575
0.7495
0.5000
0.5000
0.7565
0.7670
0.5000
0.7550
0.4907
0.7465
0.5000
0.7605
0.5000
0.7490
0.5000
0.5000
0.7430
0.5000
0.7570
0.7520
0.5000
0.7565
0.4950
0.7705
0.7440
0.5000
0.5000
0.7570
0.5000
0.7475
0.7690
0.5000
0.5000
0.5000
0.5000
0.7565
0.5000
0.5000
0.5000
0.7515
0.5000
0.7480
0.7485
0.7535
0.7510
0.5000
0.5000
0.7460
0.4227
0.5000
0.7485
0.5000
0.7430
0.7645
0.7580
0.3643
0.7575
0.5000
0.7450
0.5000
0.5000
0.5000
0.5000
0.5000
0.7490
0.7520
0.7575
0.7445
0.7540
0.7535
0.5000
0.5000
0.7575
0.5000
0.7580
0.5000
0.7435
0.4628
0.7505
0.7510
0.5000
0.7525
0.7575
0.7535
0.7645
0.5000
0.5000
0.7650
0.5000
0.7520
0.5000
0.5000
0.7530
0.5000
0.5000
0.5000
0.5000
0.7465
0.7565
0.5000
0.7565
0.5000
0.7535
0.5000
0.5000
0.7555
0.7635
0.7335
0.7495
0.5000
0.7455
0.5000
0.7470
0.7705
0.7330
0.5000
0.7505
0.5000
0.5000
0.5000
0.7485
0.7490
0.7545
0.7460
0.7535
0.5000
0.5000
0.5000
0.7445
0.5000
0.5000
0.5000
0.7505
0.7555
0.7690
0.5000
0.5000
0.7525
0.5000
0.7545
0.5000
0.5000
0.7515
0.5000
0.5000
0.7730
0.7590
0.7510
0.5000
0.7440
0.5000
0.7505
0.5000
0.7480
0.7580
0.7610
0.7565
0.7425
0.5000
0.5000
0.5000
0.7565
0.7520
0.5000
0.3543
0.7475
0.5000
0.7545
0.7475
0.5000
0.5000
0.7575
0.5000
0.5000
0.7640
0.5000
0.5000
0.5000
0.5000
0.7610
0.7510
0.7585
0.7435
0.7450
0.7570
0.5000
0.5000
0.7535
0.5000
0.7425
0.7520
0.5000
0.7465
0.7440
0.5000
0.5000
0.5000
0.5000
0.5000
0.5000
0.7600
0.7475
0.7645
0.7595
0.7520
0.7560
0.5000
0.5000
0.5000
0.5000
0.7450
0.7620
0.7545
0.7420
0.5000
0.5000
0.7350
0.7480
0.7530
0.7625
0.7435
0.5000
0.5000
0.7450
0.4882
0.5000
0.5000
0.5000
0.5000
0.7620
0.5000
0.5000
0.7480
0.7430
0.5000
0.7560
0.5000
0.7620
0.7470
0.5000
0.5000
0.7435
0.7455
0.7450
0.5000
0.7450
0.7525
0.5000
0.5000
0.7445
0.5000
0.5000
0.5000
0.5000
0.5000
0.7590
0.7560
0.5000
0.7490
0.5000
0.5000
0.5000
0.5000
0.5000
0.7585
0.4975
0.5000
0.7510
0.5000
0.7480
0.7455
0.7575
0.7445
0.7460
0.7660
0.5000
0.5000
0.7480
0.7545
0.7510
0.5000
0.7495
0.7475
0.7510
0.5000
0.7400
0.7505
0.5000
0.5000
0.5000
0.5000
0.5000
0.7455
0.5000
0.7385
0.5000
0.7565
0.7615
0.5000
0.7455
0.7525
0.7535
0.5000
0.7595
0.7565
0.7530
0.7495
0.5000
0.7620
0.7650
0.7595
0.7350
0.5000
0.5000
0.5000
0.7465
0.7585
0.5000
0.7345
0.7570
0.7420
0.7560
0.7410
0.7335
0.5000
0.7490
0.7495
0.5000
0.5000
0.5000
0.5000
0.5000
0.7545
0.4505
0.5000
0.5000
0.7550
0.5000
0.7500
0.7515
0.7540
0.5000
0.7560
0.7585
0.5000
0.7510
0.5000
0.5000
0.7380
0.7500
0.5000
0.7405
0.5000
0.5000
0.7580
0.7565
0.7555
0.5000
0.7465
0.7475
0.7465
0.7605
0.5000
0.5000
0.5000
0.7470
0.5000
0.5000
0.5000
0.7405
0.7555
0.7585
0.5000
0.5000
0.7410
0.5000
0.7450
0.7740
0.5000
0.7335
0.7390
0.5000
0.5000
0.7315
0.7445
0.7315
0.5000
0.7455
0.5000
0.7465
0.7540
0.7485
0.5000
0.7435
0.7560
0.7575
0.7620
0.7460
0.5000
0.5000
0.5000
0.7540
0.5000
0.7495
0.5000
0.5000
0.5000
0.7500
0.5000
0.5000
0.5000
0.7500
0.7650
0.5000
0.7525
0.4997
0.7565
0.7585
0.5000
0.5000
0.7560
0.7390
0.5000
0.5000
0.7480
0.5000
0.5000
0.5000
0.5000
0.7605
0.5000
0.7385
0.5000
0.7310
0.4997
0.5000
0.5000
0.7575
0.7490
0.7500
0.7405
0.5000
0.7455
0.5000
0.7385
0.7625
0.7675
0.5000
0.5000
0.5000
0.5000
0.5000
0.7570
0.7415
0.7435
0.7520
0.7310
0.7440
0.5000
0.7585
0.5000
0.4998
0.7565
0.5000
0.5000
0.7515
0.7380
0.5000
0.7370
0.7455
0.5000
0.7565
0.5000
0.7535
0.7335
0.7360
0.7505
0.5000
0.5000
0.7400
0.5000
0.7465
0.7485
0.5000
0.5000
0.7550
0.7480
0.7455
0.5000
0.7465
0.5000
0.7490
0.7540
0.7470
0.5000
0.5000
0.7560
0.7555
0.7440
0.5000
0.5000
0.7415
0.5000
0.7380
0.7455
0.7410
0.5000
0.7615
0.5000
0.7560
0.5000
0.7500
0.7550
0.7410
0.4853
0.7505
0.7425
0.5000
0.5000
0.7695
0.7525
0.5000
0.7495
0.7460
0.5000
0.5000
0.4982
0.7435
0.7495
0.5000
0.5000
0.5000
0.5000
0.5000
0.7490
0.5000
0.5000
0.7460
0.5000
0.5000
0.5000
0.7560
0.5000
0.7560
0.7585
0.5000
0.7410
0.5000
0.7560
0.7710
0.7475
0.5000
0.7485
0.5000
0.7475
0.5000
0.5000
0.5000
0.5000
0.5000
0.7540
0.5000
0.5000
0.7510
0.7470
0.5000
0.7515
0.7670
0.4802
0.7425
0.5000
0.5000
0.7545
0.5000
0.7465
0.7465
0.7585
