0.4618
0.4436
0.4408
0.4462
0.4027
0.4589
0.7202
0.3734
0.4577
0.4480
0.4302
0.4695
0.4715
0.4298
0.7200
0.4607
0.4568
0.4625
0.7238
0.4292
0.4293
0.4768
0.4258
0.4542
0.4475
0.4274
0.3754
0.4070
0.4047
0.4082
0.4482
0.4032
0.4304
0.4453
0.7237
0.4067
0.3728
0.4703
0.4017
0.4495
0.4305
0.4471
0.4315
0.4481
0.3748
0.4442
0.4493
0.4447
0.4577
0.4292
0.7366
0.4892
0.4987
0.7380
0.7520
0.7343
0.7493
0.7478
0.7538
0.7635
0.7467
0.7420
0.4987
0.7473
0.7417
0.7497
0.4978
0.7545
0.7563
0.4967
0.7658
0.4783
0.7435
0.7370
0.7480
0.4592
0.4578
0.4454
0.4586
0.4435
0.4039
0.7071
0.4454
0.3777
0.4565
0.4610
0.4067
0.4500
0.6990
0.4378
0.4668
0.4474
0.6854
0.4268
0.7005
0.4415
0.4230
0.4277
0.4424
0.3992
