0.3101
0.3597
0.3618
0.3633
0.3194
0.3086
0.3056
0.2970
0.3089
0.3179
0.3635
0.3206
0.3046
0.3632
0.2886
0.3168
0.3586
0.3618
0.3575
0.3075
0.4040
0.4633
0.7180
0.4827
0.4622
0.7227
0.4431
0.4449
0.4068
0.4338
0.7299
0.4313
0.7365
0.4908
0.4566
0.4614
0.7164
0.4466
0.4705
0.4462
0.7605
0.7532
0.7382
0.7510
0.7573
0.7568
0.7537
0.7405
0.7335
0.7392
0.7478
0.7497
0.7597
0.7515
0.7537
0.4975
0.4957
0.7553
0.7563
0.4953
0.6816
0.4282
0.4448
0.3729
0.4327
0.4487
0.4290
0.4317
0.4298
0.4613
0.4499
0.4018
0.4497
0.4057
0.4074
0.4616
0.3773
0.4446
0.6917
0.3784
0.4321
0.4318
0.4664
0.4310
0.4052
0.4260
0.7219
0.4300
0.4611
0.4614
0.4323
0.7169
0.4482
0.4091
0.4302
0.4502
0.4507
0.4348
0.4691
0.4118
0.3023
0.2905
0.3001
0.2989
0.2980
0.2805
0.2585
0.2981
0.3347
0.3069
0.3111
0.2845
0.2706
0.3327
0.2850
0.2988
0.2718
0.2956
0.3101
0.2570
