378
870
265
938
644
34
525
708
49
808
316
96
926
740
759
576
954
353
509
669
159
156
261
836
399
112
617
85
660
352
5
145
552
391
416
419
67
671
253
897
50
817
521
123
497
633
148
459
216
905
131
517
977
230
597
847
716
537
115
684
586
648
254
589
825
883
147
902
76
357
717
91
306
455
77
659
972
363
386
185
824
268
657
466
476
458
181
833
674
771
304
393
615
341
343
167
355
623
132
594
816
462
603
493
760
196
3
872
21
380
791
846
137
921
610
24
390
487
362
474
699
901
211
611
961
803
292
93
250
734
962
40
307
300
910
60
136
428
806
371
802
0
35
336
839
625
269
84
966
277
896
628
645
46
706
940
531
282
238
162
631
75
434
100
281
709
106
743
27
469
562
714
360
180
758
498
451
612
232
861
577
190
14
903
946
358
114
815
116
2
38
117
906
188
348
290
247
739
41
941
819
45
890
922
387
697
305
323
891
655
857
309
515
388
947
822
619
779
985
801
328
224
296
851
849
932
814
939
929
105
834
685
166
53
527
652
381
48
413
761
312
423
95
450
838
400
794
564
219
845
600
407
813
835
542
359
141
754
752
172
356
126
299
208
361
642
55
111
686
259
29
683
194
210
878
237
793
327
239
689
454
518
952
347
395
171
668
880
284
379
30
157
460
382
809
677
983
233
964
724
649
909
209
636
370
676
150
124
712
499
864
186
414
94
504
25
366
653
892
36
948
229
264
830
957
183
930
914
885
580
917
681
937
222
19
479
468
593
512
56
218
310
485
958
65
742
529
427
889
960
893
7
971
303
911
840
373
520
273
788
634
837
178
874
541
102
367
418
477
101
733
606
751
722
266
321
534
730
165
963
377
519
18
411
501
385
747
513
478
650
492
812
871
618
200
852
970
855
39
511
566
158
80
66
974
293
256
134
641
925
640
337
723
556
604
795
869
89
945
829
975
904
546
286
81
144
850
227
152
405
241
900
128
737
214
140
931
575
630
555
799
789
13
465
599
104
248
554
276
638
6
87
28
810
508
135
558
70
406
435
731
52
463
409
17
765
762
59
315
748
928
868
545
786
591
756
624
505
170
176
448
702
888
43
228
452
495
792
173
780
257
490
750
524
656
345
289
510
912
536
626
643
129
255
582
424
226
728
295
805
704
715
204
302
130
773
718
262
721
670
769
11
596
774
274
587
113
322
426
432
559
326
301
695
397
445
475
246
350
895
744
133
798
572
279
828
647
539
978
365
99
741
848
690
588
777
766
673
160
807
584
678
496
220
433
842
251
523
333
875
841
319
258
887
74
23
54
561
662
213
118
287
120
473
151
898
205
853
698
169
16
862
437
330
461
772
965
616
438
746
168
317
543
916
694
187
311
453
919
574
199
654
980
182
90
375
177
581
68
9
949
843
866
691
325
522
425
240
775
236
202
865
285
92
308
431
783
98
217
571
924
57
467
550
863
920
753
20
267
637
658
710
942
602
417
711
324
37
58
787
184
567
26
506
703
402
249
565
422
482
605
138
532
396
443
415
573
613
982
879
666
614
313
174
590
69
72
720
646
551
797
231
500
374
252
764
275
412
442
260
8
207
899
621
667
675
146
688
882
549
344
547
679
398
155
784
726
583
280
436
384
383
627
372
142
860
464
161
215
548
318
832
585
410
64
570
491
665
297
858
335
270
429
725
82
420
923
79
823
569
507
15
907
149
342
592
944
109
955
933
661
457
376
598
680
827
119
332
121
351
193
447
86
108
235
122
494
346
705
915
